[40704] w: 4, c:4
[40704] test
[40704] 00000:  74 00 65 00 73 00 74 00                          | t.e.s.t.         |
[40704] w: 25, c:25
[40704] Assassin's Creed® Odyssey
[40704] 00000:  41 00 73 00 73 00 61 00 73 00 73 00 69 00 6E 00  | A.s.s.a.s.s.i.n. |
[40704] 00010:  27 00 73 00 20 00 43 00 72 00 65 00 65 00 64 00  | '.s. .C.r.e.e.d. |
[40704] 00020:  AE 00 20 00 4F 00 64 00 79 00 73 00 73 00 65 00  | ?. .O.d.y.s.s.e. |
[40704] 00030:  79 00                                            | y.               |
[40704] w: 7, c:7
[40704] glock17
[40704] 00000:  67 00 6C 00 6F 00 63 00 6B 00 31 00 37 00        | g.l.o.c.k.1.7.   |
[40704] w: 20, c:20
[40704] ?????????? ?????????
[40704] 00000:  31 04 43 04 4F 04 3D 04 3E 04 32 04 41 04 3A 04  | 1.C.O.=.>.2.A.:. |
[40704] 00010:  38 04 39 04 20 00 41 04 42 04 40 04 30 04 39 04  | 8.9. .A.B.@.0.9. |
[40704] 00020:  3A 04 31 04 3E 04 3B 04                          | :.1.>.;.         |
[40704] w: 88, c:88
[40704] Microsoft.VisualStudio.TestTools.TestPlatform.Legacy.Core.Resources.63BAF8111836F063C781
[40704] 00000:  4D 00 69 00 63 00 72 00 6F 00 73 00 6F 00 66 00  | M.i.c.r.o.s.o.f. |
[40704] 00010:  74 00 2E 00 56 00 69 00 73 00 75 00 61 00 6C 00  | t...V.i.s.u.a.l. |
[40704] 00020:  53 00 74 00 75 00 64 00 69 00 6F 00 2E 00 54 00  | S.t.u.d.i.o...T. |
[40704] 00030:  65 00 73 00 74 00 54 00 6F 00 6F 00 6C 00 73 00  | e.s.t.T.o.o.l.s. |
[40704] 00040:  2E 00 54 00 65 00 73 00 74 00 50 00 6C 00 61 00  | ..T.e.s.t.P.l.a. |
[40704] 00050:  74 00 66 00 6F 00 72 00 6D 00 2E 00 4C 00 65 00  | t.f.o.r.m...L.e. |
[40704] 00060:  67 00 61 00 63 00 79 00 2E 00 43 00 6F 00 72 00  | g.a.c.y...C.o.r. |
[40704] 00070:  65 00 2E 00 52 00 65 00 73 00 6F 00 75 00 72 00  | e...R.e.s.o.u.r. |
[40704] 00080:  63 00 65 00 73 00 2E 00 36 00 33 00 42 00 41 00  | c.e.s...6.3.B.A. |
[40704] 00090:  46 00 38 00 31 00 31 00 31 00 38 00 33 00 36 00  | F.8.1.1.1.8.3.6. |
[40704] 000A0:  46 00 30 00 36 00 33 00 43 00 37 00 38 00 31 00  | F.0.6.3.C.7.8.1. |
